0.125 2.01941834734442
0.25 1.28802251515743
0.375 0.863073973346876
0.5 0.572364934570578
0.625 0.360829487661416
0.75 0.203280944091058
0.875 0.0858587003364458
1 -1.09350976051914E-08
1.125 -0.0600231943354142
1.25 -0.0982718459624626
1.375 -0.11775527966485
1.5 -0.120782245989367
1.625 -0.109174141584319
1.75 -0.0844011283607229
1.875 -0.0476726922880768
2 -1.09350976051914E-08
2.125 0.0577598413209692
2.25 0.124871705351747
2.375 0.200698451453684
2.5 0.284682862118797
2.625 0.376333674197382
2.75 0.4752146595747
2.875 0.580935967134297
3 0.693147169624848
3.125 0.811531643697349
3.25 0.935801921568076
3.375 1.06569588894029
3.5 1.20097359399295
3.625 1.34141457024097
3.75 1.48681557125318
3.875 1.63698864138361
4 1.79175945829296
4.125 1.95096592688571
4.25 2.11445691790972
4.375 2.28209121326478
4.5 2.45373656248832
4.625 2.62926885854761
4.75 2.8085714112355
4.875 2.99153430418892
5 3.17805381941285
