0 0
1 0.841470984807897
2 0.909297426825682
3 0.141120008059867
4 -0.756802495307928
5 -0.958924274663138
6 -0.279415498198926
7 0.656986598718789
8 0.989358246623382
9 0.412118485241757
10 -0.54402111088937


0 0
0.101010101010101 0.100838420258105
0.202020202020202 0.200648856522685
0.303030303030303 0.298413804447641
0.404040404040404 0.39313661214833
0.505050505050505 0.483851640437935
0.606060606060606 0.569634106908966
0.707070707070707 0.649609513505707
0.808080808080808 0.72296256147946
0.909090909090909 0.788945462844257
1.01010101010101 0.846885563602983
1.11111111111111 0.896192201029956
1.21212121212121 0.936362725104285
1.31313131313131 0.9669876227093
1.41414141414141 0.987754692360084
1.51515151515152 0.998452226900389
1.61616161616162 0.998971171723357
1.71717171717172 0.98930623651434
1.81818181818182 0.969555949182324
1.91919191919192 0.939921651430131
2.02020202020202 0.900705446202955
2.12121212121212 0.852307117939675
2.22222222222222 0.795220057023049
2.32323232323232 0.730026229976446
2.42424242424242 0.657390246682775
2.52525252525253 0.578052585106573
2.62626262626263 0.492822042588923
2.72727272727273 0.402567490669497
2.82828282828283 0.308209017490077
2.92929292929293 0.210708548077193
3.03030303030303 0.11106003812413
3.13131313131313 0.0102793412405347
3.23232323232323 -0.0906061470334077
3.33333333333333 -0.190567962875485
3.43434343434343 -0.288587058720432
3.53535353535354 -0.383664191806112
3.63636363636364 -0.474830110822239
3.73737373737374 -0.561155436815202
3.83838383838384 -0.641760137619388
3.93939393939394 -0.71582249922919
4.04040404040404 -0.782587502654202
4.14141414141414 -0.84137452086087
4.24242424242424 -0.89158425733514
4.34343434343434 -0.932704855531834
4.44444444444444 -0.964317116928778
4.54545454545454 -0.98609877449093
4.64646464646465 -0.997827777979213
4.74747474747475 -0.999384557612436
4.84848484848485 -0.990753243005677
4.94949494949495 -0.972021824958833
5.05050505050505 -0.943381258446
5.15151515151515 -0.905123515950137
5.25252525252525 -0.857638610988052
5.35353535353535 -0.80141062216897
5.45454545454545 -0.737012758318913
5.55555555555556 -0.665101514978822
5.65656565656566 -0.586409981847235
5.75757575757576 -0.501740369393911
5.85858585858586 -0.411955830830863
5.95959595959596 -0.317971662810619
6.06060606060606 -0.220745974555063
6.16161616161616 -0.121269920537167
6.26262626262626 -0.0205575962872601
6.36363636363636 0.0803642996702817
6.46464646464646 0.180466932359911
6.56565656565657 0.278729818677557
6.66666666666667 0.37415123057122
6.76767676767677 0.465758407025652
6.86868686868687 0.552617470746406
6.96969696969697 0.633842948448906
7.07070707070707 0.708606797699218
7.17171717171717 0.77614684828358
7.27272727272727 0.835774572052259
7.37373737373737 0.886882102029079
7.47474747474747 0.928948429231251
7.57575757575758 0.961544714026824
7.67676767676768 0.984338657883824
7.77777777777778 0.997097890943875
7.87878787878788 0.999692340886112
7.97979797979798 0.992095558932323
8.08080808080808 0.974384989475536
8.18181818181818 0.946741180583354
8.28282828282828 0.909445943424462
8.38383838383838 0.862879479381784
8.48484848484848 0.807516504139563
8.58585858585859 0.743921408256844
8.68686868686869 0.672742503562265
8.78787878787879 0.594705414024498
8.88888888888889 0.510605678474283
8.98989898989899 0.421300640588607
9.09090909090909 0.3277007088135
9.19191919191919 0.230760075325052
9.29292929292929 0.131466988642958
9.39393939393939 0.030833679061141
9.49494949494949 -0.0701139604006468
9.5959595959596 -0.170346832328096
9.6969696969697 -0.268843125910384
9.7979797979798 -0.364598733655889
9.8989898989899 -0.456637487633774
10 -0.54402111088937


0 0
0.101010101010101 0.100221292060342
0.202020202020202 0.19950097668509
0.303030303030303 0.29689744643865
0.404040404040404 0.391469093885429
0.505050505050505 0.482274311589832
0.606060606060606 0.568371492116265
0.707070707070707 0.648819028029136
0.808080808080808 0.722675311892849
0.909090909090909 0.788998736271811
1.01010101010101 0.846847838011944
1.11111111111111 0.895472615530444
1.21212121212121 0.934691969260739
1.31313131313131 0.96442998086117
1.41414141414141 0.984610731990075
1.51515151515152 0.995158304305796
1.61616161616162 0.995996779466673
1.71717171717172 0.987050239131046
1.81818181818182 0.968242764957256
1.91919191919192 0.939498438603641
2.02020202020202 0.900742589182233
2.12121212121212 0.852165005987104
2.22222222222222 0.794545523907176
2.32323232323232 0.728743814867458
2.42424242424242 0.655619550792959
2.52525252525253 0.57603240360869
2.62626262626263 0.490842045239659
2.72727272727273 0.400908147610877
2.82828282828283 0.307090382647353
2.92929292929293 0.210248422274096
3.03030303030303 0.111242590121889
3.13131313131313 0.0109836325385713
3.23232323232323 -0.0895322341227071
3.33333333333333 -0.18930051443175
3.43434343434343 -0.287316712958359
3.53535353535354 -0.382576334272339
3.63636363636364 -0.474074882943493
3.73737373737374 -0.560807863541624
3.83838383838384 -0.641770780636536
3.93939393939394 -0.715959138798032
4.04040404040404 -0.782376733302343
4.14141414141414 -0.84034966063806
4.24242424242424 -0.889622697968359
4.34343434343434 -0.929968603590603
4.44444444444444 -0.961160135802158
4.54545454545454 -0.982970052900388
4.64646464646465 -0.995171113182659
4.74747474747475 -0.997536074946336
4.84848484848485 -0.989837696488784
4.94949494949495 -0.971848736107369
5.05050505050505 -0.943362610334371
5.15151515151515 -0.904647875105157
5.25252525252525 -0.856448225758175
5.35353535353535 -0.799528015866791
5.45454545454545 -0.73465159900437
5.55555555555556 -0.662583328744279
5.65656565656566 -0.584087558659882
5.75757575757576 -0.499928642324546
5.85858585858586 -0.410870933311637
5.95959595959596 -0.317678785194518
6.06060606060606 -0.221126222480677
6.16161616161616 -0.122131975506654
6.26262626262626 -0.0217261694427474
6.36363636363636 0.0790582050787894
6.46464646464646 0.179188157425698
6.56565656565657 0.277630696965723
6.66666666666667 0.373352833066606
6.76767676767677 0.46532157509609
6.86868686868687 0.55250393242192
6.96969696969697 0.633866914411839
7.07070707070707 0.708412153200735
7.17171717171717 0.775498713047298
7.27272727272727 0.834696523984471
7.37373737373737 0.885578241452519
7.47474747474747 0.927716520891711
7.57575757575758 0.960684017742312
7.67676767676768 0.98405338744459
7.77777777777778 0.997397285438813
7.87878787878788 1.00028836716525
7.97979797979798 0.992299288064159
8.08080808080808 0.973111939150531
8.18181818181818 0.943215530608727
8.28282828282828 0.90346111546435
8.38383838383838 0.854701453548863
8.48484848484848 0.797789304693726
8.58585858585859 0.7335774287304
8.68686868686869 0.662918585490346
8.78787878787879 0.586665534805024
8.88888888888889 0.505671036505895
8.98989898989899 0.420787850424422
9.09090909090909 0.332801338619418
9.19191919191919 0.242132323482287
9.29292929292929 0.149078943118702
9.39393939393939 0.053939243181967
9.49494949494949 -0.0429887306746082
9.5959595959596 -0.141406932797718
9.6969696969697 -0.241017317534058
9.7979797979798 -0.341521839230316
9.8989898989899 -0.44262245223319
10 -0.54402111088937


0 0.993744443666115
0.101010101010101 0.989083486859925
0.202020202020202 0.975100616441356
0.303030303030303 0.951795832410407
0.404040404040404 0.919169134767079
0.505050505050505 0.877220523511371
0.606060606060606 0.825949998643284
0.707070707070707 0.765357560162818
0.808080808080808 0.695443208069972
0.909090909090909 0.616206942364747
1.01010101010101 0.527691614657292
1.11111111111111 0.434953714945277
1.21212121212121 0.34146422365083
1.31313131313131 0.247223140773951
1.41414141414141 0.152230466314641
1.51515151515152 0.0564862002728989
1.61616161616162 -0.0400096573512745
1.71717171717172 -0.137257106557879
1.81818181818182 -0.235256147346916
1.91919191919192 -0.334006779718384
2.02020202020202 -0.433323756799484
2.12121212121212 -0.527093931787796
2.22222222222222 -0.612353354718515
2.32323232323232 -0.689102025591638
2.42424242424242 -0.757339944407167
2.52525252525253 -0.817067111165101
2.62626262626263 -0.86828352586544
2.72727272727273 -0.910989188508185
2.82828282828283 -0.945184099093335
2.92929292929293 -0.97086825762089
3.03030303030303 -0.98797714521929
3.13131313131313 -0.995492797470574
3.23232323232323 -0.993063944962911
3.33333333333333 -0.980690587696301
3.43434343434343 -0.958372725670743
3.53535353535354 -0.926110358886239
3.63636363636364 -0.883903487342788
3.73737373737374 -0.831752111040389
3.83838383838384 -0.769656229979043
3.93939393939394 -0.697615844158751
4.04040404040404 -0.61624653853174
4.14141414141414 -0.531242473906129
4.24242424242424 -0.443988716424432
4.34343434343434 -0.35448526608665
4.44444444444444 -0.262732122892782
4.54545454545454 -0.16872928684283
4.64646464646465 -0.0724767579367918
4.74747474747475 0.0260254638253319
4.84848484848485 0.126777378443541
4.94949494949495 0.229778985917836
5.05050505050505 0.333803187094164
5.15151515151515 0.431487387048224
5.25252525252525 0.521604486625965
5.35353535353535 0.604154485827386
5.45454545454545 0.679137384652487
5.55555555555556 0.746553183101268
5.65656565656566 0.80640188117373
5.75757575757576 0.858683478869872
5.85858585858586 0.903397976189694
5.95959595959596 0.940545373133197
6.06060606060606 0.969646958461437
6.16161616161616 0.988734697080976
6.26262626262626 0.997595828441173
6.36363636363636 0.996230352542028
6.46464646464646 0.984638269383542
6.56565656565657 0.962819578965713
6.66666666666667 0.930774281288543
6.76767676767677 0.888502376352031
6.86868686868687 0.836003864156178
6.96969696969697 0.773278744700981
7.07070707070707 0.701796012535351
7.17171717171717 0.625812753903055
7.27272727272727 0.545598784129403
7.37373737373737 0.461154103214395
7.47474747474747 0.372478711158032
7.57575757575758 0.279572607960313
7.67676767676768 0.182435793621238
7.77777777777778 0.0810682681408076
7.87878787878788 -0.024529968480979
7.97979797979798 -0.13435891624412
8.08080808080808 -0.244363204437317
8.18181818181818 -0.346178630968507
8.28282828282828 -0.439551735168234
8.38383838383838 -0.5244825170365
8.48484848484848 -0.600970976573302
8.58585858585859 -0.669017113778644
8.68686868686869 -0.728620928652521
8.78787878787879 -0.779782421194937
8.88888888888889 -0.822501591405891
8.98989898989899 -0.856778439285382
9.09090909090909 -0.884837091330719
9.19191919191919 -0.909917633056499
9.29292929292929 -0.932047522814539
9.39393939393939 -0.951226760604841
9.49494949494949 -0.967455346427404
9.5959595959596 -0.980733280282229
9.6969696969697 -0.991060562169315
9.7979797979798 -0.998437192088661
9.8989898989899 -1.00286317004027
10 -1.00433849602414


0 -1
0.101010101010101 -0.994934355588553
0.202020202020202 -0.979784978285304
0.303030303030303 -0.954694535883525
0.404040404040404 -0.919900808038667
0.505050505050505 -0.875736686268367
0.606060606060606 -0.822630173952438
0.707070707070707 -0.761104386332877
0.808080808080808 -0.691777550513863
0.909090909090909 -0.615363005461755
1.01010101010101 -0.532669201640744
1.11111111111111 -0.444594368426336
1.21212121212121 -0.352082323883355
1.31313131313131 -0.256086945078371
1.41414141414141 -0.157569777597312
1.51515151515152 -0.0575000355454662
1.61616161616162 0.0431453984525179
1.71717171717172 0.143381973252633
1.81818181818182 0.242217469191512
1.91919191919192 0.338651998086427
2.02020202020202 0.431678009535566
2.12121212121212 0.520288424568085
2.22222222222222 0.603528115159735
2.32323232323232 0.680527175964828
2.42424242424242 0.75050253718566
2.52525252525253 0.812757964572504
2.62626262626263 0.866684059423619
2.72727272727273 0.911758258585239
2.82828282828283 0.947544834451582
2.92929292929293 0.973694894964848
3.03030303030303 0.989946388552379
3.13131313131313 0.996125820309583
3.23232323232323 0.992156654079432
3.33333333333333 0.978063671542444
3.43434343434343 0.953973118564009
3.53535353535354 0.920112705194379
3.63636363636364 0.876811605668682
3.73737373737374 0.824500458406907
3.83838383838384 0.763711366013916
3.93939393939394 0.695077895279439
4.04040404040404 0.619334993433563
4.14141414141414 0.537306839958845
4.24242424242424 0.449860310813262
4.34343434343434 0.357885659618706
4.44444444444444 0.262296093704409
4.54545454545454 0.164027774106935
4.64646464646465 0.0640398155701878
4.74747474747475 -0.0366857134545924
4.84848484848485 -0.137143790808829
4.94949494949495 -0.236306440626608
5.05050505050505 -0.333122994170977
5.15151515151515 -0.426539913392708
5.25252525252525 -0.515560783279165
5.35353535353535 -0.599266135413067
5.45454545454545 -0.676813708808784
5.55555555555556 -0.747438449912344
5.65656565656566 -0.810452512601423
5.75757575757576 -0.865245258185353
5.85858585858586 -0.911283255405117
5.95959595959596 -0.948110280433353
6.06060606060606 -0.975347463403656
6.16161616161616 -0.992699965443471
6.26262626262626 -0.999973062526553
6.36363636363636 -0.997076344170705
6.46464646464646 -0.984023742381836
6.56565656565657 -0.960933531653961
6.66666666666667 -0.928028328969203
6.76767676767677 -0.885635093797792
6.86868686868687 -0.834185128098062
6.96969696969697 -0.774214076316458
7.07070707070707 -0.706361313368917
7.17171717171717 -0.631351715101933
7.27272727272727 -0.549960521134089
7.37373737373737 -0.463006157848138
7.47474747474747 -0.371350217743979
7.57575757575758 -0.275897459438655
7.67676767676768 -0.177595807666351
7.77777777777778 -0.0774363532784019
7.87878787878788 0.0235466467567162
7.97979797979798 0.12427576935338
8.08080808080808 0.223632632088115
8.18181818181818 0.320503416642608
8.28282828282828 0.413849304716053
8.38383838383838 0.502717606744123
8.48484848484848 0.586241770519202
8.58585858585859 0.663641381190391
8.68686868686869 0.734222161263501
8.78787878787879 0.797375970601057
8.88888888888889 0.852580806422301
8.98989898989899 0.89940080330318
9.09090909090909 0.937484701408802
9.19191919191919 0.966543079865564
9.29292929292929 0.986320040656858
9.39393939393939 0.996589791621088
9.49494949494949 0.997156646218204
9.5959595959596 0.987855023529702
9.6969696969697 0.968549448258623
9.7979797979798 0.939134550729558
9.8989898989899 0.89953506688864
10 0.84970583830355


0 1
1 1.19184238281292
2 -0.804702193364816
3 -1.09278371393251
4 -0.392851618482495
5 0.180909870187636
6 0.887553038815681
7 0.849963399005991
8 -0.165504549868993
9 -0.948519715283092
10 -0.806503126275589


0 1
0.101010101010101 1.18890828772302
0.202020202020202 1.34719769142826
0.303030303030303 1.46934247321779
0.404040404040404 1.55134604596239
0.505050505050505 1.59081734939827
0.606060606060606 1.58698017967341
0.707070707070707 1.54061928580418
0.808080808080808 1.45396932720197
0.909090909090909 1.33055467432552
1.01010101010101 1.17498947912627
1.11111111111111 0.992748413985828
1.21212121212121 0.789918968983802
1.31313131313131 0.572946219221259
1.41414141414141 0.348380556381693
1.51515151515152 0.122638067347541
1.61616161616162 -0.0982179039659697
1.71717171717172 -0.308666889110794
1.81818181818182 -0.503887605706885
1.91919191919192 -0.679876651183689
2.02020202020202 -0.833527544012351
2.12121212121212 -0.962669800618179
2.22222222222222 -1.06606935727705
2.32323232323232 -1.14339310599709
2.42424242424242 -1.19514156335389
2.52525252525253 -1.22255469482153
2.62626262626263 -1.22749665003436
2.72727272727273 -1.21232561488382
2.82828282828283 -1.17975515486087
2.92929292929293 -1.13271332244388
3.03030303030303 -1.07420545161246
3.13131313131313 -1.00718599535636
3.23232323232323 -0.934444014768079
3.33333333333333 -0.858506043227335
3.43434343434343 -0.781559071395627
3.53535353535354 -0.705395374137162
3.63636363636364 -0.631379873866037
3.73737373737374 -0.560439748141135
3.83838383838384 -0.493075080183838
3.93939393939394 -0.42938855137644
4.04040404040404 -0.369131510178824
4.14141414141414 -0.311763240608958
4.24242424242424 -0.256519906385361
4.34343434343434 -0.20248946756717
4.44444444444444 -0.148688851549187
4.54545454545454 -0.0941397996321955
4.64646464646465 -0.0379400885269197
4.74747474747475 0.020672777131061
4.84848484848485 0.082267813584446
4.94949494949495 0.147178599967159
5.05050505050505 0.215474363291119
5.15151515151515 0.286944739456481
5.25252525252525 0.36109823799585
5.35353535353535 0.437173868143114
5.45454545454545 0.514164869815741
5.55555555555556 0.590853052515152
5.65656565656566 0.665851891216166
5.75757575757576 0.737656269928351
5.85858585858586 0.804696605246196
5.95959595959596 0.865395024024798
6.06060606060606 0.918221307444138
6.16161616161616 0.961746440654212
6.26262626262626 0.994691812332269
6.36363636363636 1.01597237877668
6.46464646464646 1.02473242777582
6.56565656565657 1.02037293252518
6.66666666666667 1.00256985906489
6.76767676767677 0.971283166135092
6.86868686868687 0.926756599001752
6.96969696969697 0.869508715172843
7.07070707070707 0.800315878417856
7.17171717171717 0.720188208801598
7.27272727272727 0.630339673720621
7.37373737373737 0.532153643966859
7.47474747474747 0.427145318020796
7.57575757575758 0.316922437976145
7.67676767676768 0.203145684896732
7.77777777777778 0.087490055199253
7.87878787878788 -0.0283916102874997
7.97979797979798 -0.14290193845799
8.08080808080808 -0.254528363201057
8.18181818181818 -0.36186788688501
8.28282828282828 -0.463646875819298
8.38383838383838 -0.558735716515234
8.48484848484848 -0.646158364528286
8.58585858585859 -0.725097005040178
8.68686868686869 -0.794892207874906
8.78787878787879 -0.855039094482487
8.88888888888889 -0.905180137213754
8.98989898989899 -0.94509528013309
9.09090909090909 -0.974690105366246
9.19191919191919 -0.993982770669913
9.29292929292929 -1.00309041493094
9.39393939393939 -1.00221567214447
9.49494949494949 -0.991633855451225
9.5959595959596 -0.971681276047469
9.6969696969697 -0.942745052625063
9.7979797979798 -0.905254651008918
9.8989898989899 -0.859675276301505
10 -0.806503126275589


0 1
0.101010101010101 1.08826578451591
0.202020202020202 1.17227090934417
0.303030303030303 1.2477547147971
0.404040404040404 1.31045654118707
0.505050505050505 1.35611572882639
0.606060606060606 1.38047161802742
0.707070707070707 1.3792635491025
0.808080808080808 1.34823086236397
0.909090909090909 1.28311289812418
1.01010101010101 1.17965100198132
1.11111111111111 1.03624753388435
1.21212121212121 0.859211695971325
1.31313131313131 0.656314543780209
1.41414141414141 0.43532713284897
1.51515151515152 0.204020518715574
1.61616161616162 -0.0298342430820113
1.71717171717172 -0.25846609700582
1.81818181818182 -0.474103987517885
1.91919191919192 -0.668976859080238
2.02020202020202 -0.83532765324676
2.12121212121212 -0.968366695042526
2.22222222222222 -1.06992493393544
2.32323232323232 -1.14272913327148
2.42424242424242 -1.18950605639666
2.52525252525253 -1.21298246665696
2.62626262626263 -1.21588512739839
2.72727272727273 -1.20094080196693
2.82828282828283 -1.17087625370858
2.92929292929293 -1.12841824596933
3.03030303030303 -1.0762872072375
3.13131313131313 -1.01671343571586
3.23232323232323 -0.951096424752706
3.33333333333333 -0.880755191541261
3.43434343434343 -0.807008753274747
3.53535353535354 -0.731176127146385
3.63636363636364 -0.6545763303494
3.73737373737374 -0.578528380077013
3.83838383838384 -0.504351293522448
3.93939393939394 -0.433364087878926
4.04040404040404 -0.366859837812909
4.14141414141414 -0.305123102262971
4.24242424242424 -0.247128342566188
4.34343434343434 -0.191762464031812
4.44444444444444 -0.137912371969098
4.54545454545454 -0.0844649716872984
4.64646464646465 -0.0303071684956658
4.74747474747475 0.0256741322965461
4.84848484848485 0.0845920253800841
4.94949494949495 0.147559605445695
5.05050505050505 0.215634872084946
5.15151515151515 0.288608637608259
5.25252525252525 0.365004527044916
5.35353535353535 0.443291070325015
5.45454545454545 0.521936797378655
5.55555555555556 0.599410238135937
5.65656565656566 0.67417992252696
5.75757575757576 0.744714380481823
5.85858585858586 0.809482141930627
5.95959595959596 0.86695173680347
6.06060606060606 0.915632032205363
6.16161616161616 0.954635458895528
6.26262626262626 0.983539072129372
6.36363636363636 1.00193187891784
6.46464646464646 1.00940288627185
6.56565656565657 1.00554110120237
6.66666666666667 0.989935530720318
6.76767676767677 0.962175181836638
6.86868686868687 0.921849061562267
6.96969696969697 0.868546176908144
7.07070707070707 0.801977965903487
7.17171717171717 0.723119797293924
7.27272727272727 0.63369269112883
7.37373737373737 0.535427304884679
7.47474747474747 0.430054296037943
7.57575757575758 0.319304322065096
7.67676767676768 0.204908040442606
7.77777777777778 0.088596108646949
7.87878787878788 -0.0279008158454044
7.97979797979798 -0.142852075557981
8.08080808080808 -0.254591697159371
8.18181818181818 -0.361931763577753
8.28282828282828 -0.463898623971825
8.38383838383838 -0.559519638190052
8.48484848484848 -0.647822166080892
8.58585858585859 -0.727833567492812
8.68686868686869 -0.79858120227427
8.78787878787879 -0.859092430273733
8.88888888888889 -0.908394611339662
8.98989898989899 -0.945515105320519
9.09090909090909 -0.969762081008543
9.19191919191919 -0.981962540756054
9.29292929292929 -0.983454643936485
9.39393939393939 -0.97557693512072
9.49494949494949 -0.959667958879645
9.5959595959596 -0.937066259784145
9.6969696969697 -0.909110382405103
9.7979797979798 -0.877138871313407
9.8989898989899 -0.842490271079941
10 -0.806503126275589


