0 1
1 0.54030230586814
2 -0.416146836547142
3 -0.989992496600445
4 -0.653643620863612
5 0.283662185463226
6 0.960170286650366
7 0.753902254343305
8 -0.145500033808614
9 -0.911130261884677


0 1
0.0909090909090909 0.995870613700563
0.181818181818182 0.983516558464671
0.272727272727273 0.963039863625192
0.363636363636364 0.934609641548382
0.454545454545455 0.898460690973308
0.545454545454545 0.854891557862458
0.636363636363636 0.804262069778524
0.727272727272727 0.746990364150389
0.818181818181818 0.683549434971186
0.909090909090909 0.614463226448467
1 0.54030230586814
1.09090909090909 0.461679151409
1.18181818181818 0.379243093824731
1.27272727272727 0.293674953768871
1.36363636363636 0.205681419051848
1.45454545454545 0.115989208267063
1.54545454545455 0.0253390689872764
1.63636363636364 -0.0655203399011435
1.72727272727273 -0.155838631201719
1.81818181818182 -0.244869886685079
1.90909090909091 -0.331878817457995
2 -0.416146836547142
2.09090909090909 -0.496977993545506
2.18181818181818 -0.573704722308532
2.27272727272727 -0.645693354231112
2.36363636363636 -0.712349351572492
2.45454545454545 -0.77312221760828
2.54545454545455 -0.827510043057703
2.63636363636364 -0.875063651238228
2.72727272727273 -0.915390307713636
2.81818181818182 -0.948156963798423
2.90909090909091 -0.97309300713116
3 -0.989992496600445
3.09090909090909 -0.998715863165716
3.18181818181818 -0.999191062526212
3.27272727272727 -0.991414170118477
3.36363636363636 -0.975449413528432
3.45454545454545 -0.951428642050349
3.54545454545455 -0.919550237773518
3.63636363636364 -0.880077477189673
3.72727272727273 -0.833336356852328
3.81818181818182 -0.779712901045365
3.90909090909091 -0.71964997369626
4 -0.653643620863612
4.09090909090909 -0.582238974005546
4.18181818181818 -0.506025747862967
4.27272727272727 -0.425633370139611
4.36363636363636 -0.341725783201781
4.45454545454546 -0.254995960729313
4.54545454545455 -0.166160184603552
4.63636363636364 -0.0759521292981626
4.72727272727273 0.0148831973715004
4.81818181818182 0.105595607098528
4.90909090909091 0.195435926719089
5 0.283662185463226
5.09090909090909 0.369545742722723
5.18181818181818 0.452377305728191
5.27272727272727 0.531472787436759
5.36363636363636 0.606178956251396
5.45454545454546 0.67587883091213
5.54545454545455 0.739996776003968
5.63636363636364 0.798003255998888
5.72727272727273 0.849419208569353
5.81818181818182 0.893820001055127
5.90909090909091 0.930838937407861
6 0.960170286650366
6.09090909090909 0.981571807839229
6.18181818181818 0.994866750677683
6.27272727272727 0.999945315256108
6.36363636363636 0.996765558864523
6.45454545454546 0.985353742387886
6.54545454545455 0.965804113423418
6.63636363636364 0.938278127911128
6.72727272727273 0.903003116705923
6.81818181818182 0.860270408103768
6.90909090909091 0.810432921827544
7 0.753902254343305
7.09090909090909 0.691145279578665
7.18181818181818 0.6226802931172
7.27272727272727 0.549072731713079
7.36363636363636 0.470930503477497
7.45454545454546 0.388898967303821
7.54545454545455 0.303655602995246
7.63636363636364 0.215904416113159
7.72727272727273 0.126370123755301
7.81818181818182 0.0357921692820563
7.90909090909091 -0.0550813845781095
8 -0.145500033808614
8.09090909090909 -0.234717031346765
8.18181818181818 -0.321995554297938
8.27272727272727 -0.406614789188318
8.36363636363636 -0.487875884999451
8.45454545454546 -0.5651077248199
8.54545454545454 -0.637672468447193
8.63636363636364 -0.704970820165019
8.72727272727273 -0.766446978190259
8.81818181818182 -0.821593224913533
8.90909090909091 -0.869954120023469
9 -0.911130261884677


0 1
0.0909090909090909 0.958209300533467
0.181818181818182 0.916418601066935
0.272727272727273 0.874627901600402
0.363636363636364 0.832837202133869
0.454545454545455 0.791046502667336
0.545454545454545 0.749255803200804
0.636363636363636 0.707465103734271
0.727272727272727 0.665674404267738
0.818181818181818 0.623883704801205
0.909090909090909 0.582093005334672
1 0.54030230586814
1.09090909090909 0.453352383830387
1.18181818181818 0.366402461792634
1.27272727272727 0.279452539754881
1.36363636363636 0.192502617717128
1.45454545454545 0.105552695679375
1.54545454545455 0.0186027736416223
1.63636363636364 -0.0683471483961308
1.72727272727273 -0.155297070433884
1.81818181818182 -0.242246992471637
1.90909090909091 -0.329196914509389
2 -0.416146836547142
2.09090909090909 -0.468314623824715
2.18181818181818 -0.520482411102288
2.27272727272727 -0.572650198379862
2.36363636363636 -0.624817985657435
2.45454545454545 -0.676985772935008
2.54545454545455 -0.72915356021258
2.63636363636364 -0.781321347490153
2.72727272727273 -0.833489134767727
2.81818181818182 -0.8856569220453
2.90909090909091 -0.937824709322872
3 -0.989992496600445
3.09090909090909 -0.959415326078915
3.18181818181818 -0.928838155557385
3.27272727272727 -0.898260985035854
3.36363636363636 -0.867683814514324
3.45454545454545 -0.837106643992794
3.54545454545455 -0.806529473471264
3.63636363636364 -0.775952302949733
3.72727272727273 -0.745375132428203
3.81818181818182 -0.714797961906672
3.90909090909091 -0.684220791385142
4 -0.653643620863612
4.09090909090909 -0.568434002106627
4.18181818181818 -0.483224383349641
4.27272727272727 -0.398014764592656
4.36363636363636 -0.312805145835671
4.45454545454546 -0.227595527078685
4.54545454545455 -0.1423859083217
4.63636363636364 -0.0571762895647145
4.72727272727273 0.0280333291922706
4.81818181818182 0.113242947949256
4.90909090909091 0.198452566706241
5 0.283662185463226
5.09090909090909 0.345162921934784
5.18181818181818 0.406663658406342
5.27272727272727 0.468164394877901
5.36363636363636 0.529665131349459
5.45454545454546 0.591165867821017
5.54545454545455 0.652666604292576
5.63636363636364 0.714167340764134
5.72727272727273 0.775668077235692
5.81818181818182 0.83716881370725
5.90909090909091 0.898669550178808
6 0.960170286650366
6.09090909090909 0.941418647349724
6.18181818181818 0.922667008049082
6.27272727272727 0.90391536874844
6.36363636363636 0.885163729447798
6.45454545454546 0.866412090147156
6.54545454545455 0.847660450846514
6.63636363636364 0.828908811545872
6.72727272727273 0.81015717224523
6.81818181818182 0.791405532944588
6.90909090909091 0.772653893643947
7 0.753902254343305
7.09090909090909 0.672138409965858
7.18181818181818 0.590374565588411
7.27272727272727 0.508610721210963
7.36363636363636 0.426846876833516
7.45454545454546 0.345083032456069
7.54545454545455 0.263319188078622
7.63636363636364 0.181555343701175
7.72727272727273 0.0997914993237276
7.81818181818182 0.0180276549462806
7.90909090909091 -0.0637361894311665
8 -0.145500033808614
8.09090909090909 -0.215102781815529
8.18181818181818 -0.284705529822443
8.27272727272727 -0.354308277829359
8.36363636363636 -0.423911025836273
8.45454545454546 -0.493513773843188
8.54545454545454 -0.563116521850102
8.63636363636364 -0.632719269857018
8.72727272727273 -0.702322017863932
8.81818181818182 -0.771924765870847
8.90909090909091 -0.841527513877763
9 -0.911130261884677


0 0
0.0909090909090909 0.0890095136606121
0.181818181818182 0.174219872824267
0.272727272727273 0.255631077490964
0.363636363636364 0.333243127660703
0.454545454545455 0.407056023333486
0.545454545454545 0.47706976450931
0.636363636363636 0.543284351188177
0.727272727272727 0.605699783370087
0.818181818181818 0.664316061055038
0.909090909090909 0.719133184243033
1 0.77015115293407
1.09090909090909 0.815317275193094
1.18181818181818 0.852578859085049
1.27272727272727 0.881935904609936
1.36363636363636 0.903388411767755
1.45454545454545 0.916936380558505
1.54545454545455 0.922579810982187
1.63636363636364 0.9203187030388
1.72727272727273 0.910153056728345
1.81818181818182 0.892082872050821
1.90909090909091 0.866108149006229
2 0.832228887594569
2.09090909090909 0.792026093941303
2.18181818181818 0.747080774171893
2.27272727272727 0.697392928286341
2.36363636363636 0.642962556284646
2.45454545454545 0.583789658166807
2.54545454545455 0.519874233932826
2.63636363636364 0.451216283582702
2.72727272727273 0.377815807116434
2.81818181818182 0.299672804534024
2.90909090909091 0.216787275835471
3 0.129159221020775
3.09090909090909 0.0405497745353494
3.18181818181818 -0.0452799291753919
3.27272727272727 -0.128329890111448
3.36363636363636 -0.20860010827282
3.45454545454545 -0.286090583659507
3.54545454545455 -0.36080131627151
3.63636363636364 -0.432732306108828
3.72727272727273 -0.501883553171461
3.81818181818182 -0.56825505745941
3.90909090909091 -0.631846818972674
4 -0.692658837711254
4.09090909090909 -0.748207820573538
4.18181818181818 -0.796010474457913
4.27272727272727 -0.836066799364381
4.36363636363636 -0.868376795292942
4.45454545454546 -0.892940462243594
4.54545454545455 -0.909757800216339
4.63636363636364 -0.918828809211176
4.72727272727273 -0.920153489228105
4.81818181818182 -0.913731840267127
4.90909090909091 -0.89956386232824
5 -0.877649555411447
5.09090909090909 -0.849066595984264
5.18181818181818 -0.814892660514213
5.27272727272727 -0.775127749001293
5.36363636363636 -0.729771861445504
5.45454545454546 -0.678824997846845
5.54545454545455 -0.622287158205318
5.63636363636364 -0.560158342520923
5.72727272727273 -0.492438550793658
5.81818181818182 -0.419127783023524
5.90909090909091 -0.340226039210522
6 -0.25573331935465
6.09090909090909 -0.169297458718283
6.18181818181818 -0.0845662925637918
6.27272727272727 -0.00153982089117721
6.36363636363636 0.0797819562995616
6.45454545454546 0.159399039008423
6.54545454545455 0.237311427235408
6.63636363636364 0.313519120980516
6.72727272727273 0.388022120243748
6.81818181818182 0.460820425025104
6.90909090909091 0.531914035324582
7 0.601302951142185
7.09090909090909 0.666122981338056
7.18181818181818 0.72350993477234
7.27272727272727 0.773463811445039
7.36363636363636 0.815984611356152
7.45454545454546 0.851072334505679
7.54545454545455 0.878726980893619
7.63636363636364 0.898948550519974
7.72727272727273 0.911737043384742
7.81818181818182 0.917092459487924
7.90909090909091 0.91501479882952
8 0.90550406140953
8.09090909090909 0.889113024335705
8.18181818181818 0.866394464715798
8.27272727272727 0.837348382549806
8.36363636363636 0.801974777837732
8.45454545454546 0.760273650579575
8.54545454545454 0.712245000775334
8.63636363636364 0.657888828425011
8.72727272727273 0.597205133528604
8.81818181818182 0.530193916086113
8.90909090909091 0.45685517609754
9 0.377188913562885
