asd
0 0
1 0.841470984807897
2 0.909297426825682
3 0.141120008059867
4 -0.756802495307928
5 -0.958924274663138
6 -0.279415498198926
7 0.656986598718789
8 0.989358246623382
9 0.412118485241757
10 -0.54402111088937


0 0
0.101010101010101 0.100838420258105
0.202020202020202 0.200648856522685
0.303030303030303 0.298413804447641
0.404040404040404 0.39313661214833
0.505050505050505 0.483851640437935
0.606060606060606 0.569634106908966
0.707070707070707 0.649609513505707
0.808080808080808 0.72296256147946
0.909090909090909 0.788945462844257
1.01010101010101 0.846885563602983
1.11111111111111 0.896192201029956
1.21212121212121 0.936362725104285
1.31313131313131 0.9669876227093
1.41414141414141 0.987754692360084
1.51515151515152 0.998452226900389
1.61616161616162 0.998971171723357
1.71717171717172 0.98930623651434
1.81818181818182 0.969555949182324
1.91919191919192 0.939921651430131
2.02020202020202 0.900705446202955
2.12121212121212 0.852307117939675
2.22222222222222 0.795220057023049
2.32323232323232 0.730026229976446
2.42424242424242 0.657390246682775
2.52525252525253 0.578052585106573
2.62626262626263 0.492822042588923
2.72727272727273 0.402567490669497
2.82828282828283 0.308209017490077
2.92929292929293 0.210708548077193
3.03030303030303 0.11106003812413
3.13131313131313 0.0102793412405347
3.23232323232323 -0.0906061470334077
3.33333333333333 -0.190567962875485
3.43434343434343 -0.288587058720432
3.53535353535354 -0.383664191806112
3.63636363636364 -0.474830110822239
3.73737373737374 -0.561155436815202
3.83838383838384 -0.641760137619388
3.93939393939394 -0.71582249922919
4.04040404040404 -0.782587502654202
4.14141414141414 -0.84137452086087
4.24242424242424 -0.89158425733514
4.34343434343434 -0.932704855531834
4.44444444444444 -0.964317116928778
4.54545454545454 -0.98609877449093
4.64646464646465 -0.997827777979213
4.74747474747475 -0.999384557612436
4.84848484848485 -0.990753243005677
4.94949494949495 -0.972021824958833
5.05050505050505 -0.943381258446
5.15151515151515 -0.905123515950137
5.25252525252525 -0.857638610988052
5.35353535353535 -0.80141062216897
5.45454545454545 -0.737012758318913
5.55555555555556 -0.665101514978822
5.65656565656566 -0.586409981847235
5.75757575757576 -0.501740369393911
5.85858585858586 -0.411955830830863
5.95959595959596 -0.317971662810619
6.06060606060606 -0.220745974555063
6.16161616161616 -0.121269920537167
6.26262626262626 -0.0205575962872601
6.36363636363636 0.0803642996702817
6.46464646464646 0.180466932359911
6.56565656565657 0.278729818677557
6.66666666666667 0.37415123057122
6.76767676767677 0.465758407025652
6.86868686868687 0.552617470746406
6.96969696969697 0.633842948448906
7.07070707070707 0.708606797699218
7.17171717171717 0.77614684828358
7.27272727272727 0.835774572052259
7.37373737373737 0.886882102029079
7.47474747474747 0.928948429231251
7.57575757575758 0.961544714026824
7.67676767676768 0.984338657883824
7.77777777777778 0.997097890943875
7.87878787878788 0.999692340886112
7.97979797979798 0.992095558932323
8.08080808080808 0.974384989475536
8.18181818181818 0.946741180583354
8.28282828282828 0.909445943424462
8.38383838383838 0.862879479381784
8.48484848484848 0.807516504139563
8.58585858585859 0.743921408256844
8.68686868686869 0.672742503562265
8.78787878787879 0.594705414024498
8.88888888888889 0.510605678474283
8.98989898989899 0.421300640588607
9.09090909090909 0.3277007088135
9.19191919191919 0.230760075325052
9.29292929292929 0.131466988642958
9.39393939393939 0.030833679061141
9.49494949494949 -0.0701139604006468
9.5959595959596 -0.170346832328096
9.6969696969697 -0.268843125910384
9.7979797979798 -0.364598733655889
9.8989898989899 -0.456637487633774
10 -0.54402111088937


0 0
0.101010101010101 0.0849970691725148
0.202020202020202 0.16999413834503
0.303030303030303 0.254991207517544
0.404040404040404 0.339988276690059
0.505050505050505 0.424985345862574
0.606060606060606 0.509982415035089
0.707070707070707 0.594979484207604
0.808080808080808 0.679976553380118
0.909090909090909 0.764973622552633
1.01010101010101 0.849891756459074
1.11111111111111 0.925416593702723
1.21212121212121 0.985154377731596
1.31313131313131 1.02910510854569
1.41414141414141 1.05726878614501
1.51515151515152 1.06964541052956
1.61616161616162 1.06623498169932
1.71717171717172 1.04703749965432
1.81818181818182 1.01205296439453
1.91919191919192 0.96128137591997
2.02020202020202 0.89710888355041
2.12121212121212 0.834106254313825
2.22222222222222 0.767670436976856
2.32323232323232 0.697801431539504
2.42424242424242 0.624499238001769
2.52525252525253 0.547763856363652
2.62626262626263 0.467595286625151
2.72727272727273 0.383993528786267
2.82828282828283 0.296958582847
2.92929292929293 0.20649044880735
3.03030303030303 0.112778972104522
3.13131313131313 0.0188194918588674
3.23232323232323 -0.0743543889937202
3.33333333333333 -0.16674267045324
3.43434343434343 -0.258345352519692
3.53535353535354 -0.349162435193076
3.63636363636364 -0.439193918473392
3.73737373737374 -0.52843980236064
3.83838383838384 -0.61690008685482
3.93939393939394 -0.704574771955933
4.04040404040404 -0.790453668291468
4.14141414141414 -0.86519252416571
4.24242424242424 -0.926518413490513
4.34343434343434 -0.974431336265876
4.44444444444444 -1.0089312924918
4.54545454545454 -1.03001828216828
4.64646464646465 -1.03769230529532
4.74747474747475 -1.03195336187293
4.84848484848485 -1.01280145190109
4.94949494949495 -0.980236575379816
5.05050505050505 -0.935363145878357
5.15151515151515 -0.88480764481225
5.25252525252525 -0.829674485750753
5.35353535353535 -0.769963668693864
5.45454545454545 -0.705675193641586
5.55555555555556 -0.636809060593916
5.65656565656566 -0.563365269550855
5.75757575757576 -0.485343820512404
5.85858585858586 -0.402744713478562
5.95959595959596 -0.315567948449329
6.06060606060606 -0.224517888839488
6.16161616161616 -0.132490250909816
6.26262626262626 -0.0397980850668824
6.36363636363636 0.0535586086893129
6.46464646464646 0.14757983035877
6.56565656565657 0.242265579941488
6.66666666666667 0.337615857437468
6.76767676767677 0.433630662846708
6.86868686868687 0.53030999616921
6.96969696969697 0.627653857404974
7.07070707070707 0.722316783778792
7.17171717171717 0.804603760717617
7.27272727272727 0.873900315466818
7.37373737373737 0.930206448026396
7.47474747474747 0.97352215839635
7.57575757575758 1.00384744657668
7.67676767676768 1.02118231256739
7.77777777777778 1.02552675636847
7.87878787878788 1.01688077797993
7.97979797979798 0.99524437740177
8.08080808080808 0.962991711520953
8.18181818181818 0.925019478916863
8.28282828282828 0.881476064394933
8.38383838383838 0.832361467955163
8.48484848484848 0.777675689597555
8.58585858585859 0.717418729322105
8.68686868686869 0.651590587128818
8.78787878787879 0.580191263017691
8.88888888888889 0.503220756988724
8.98989898989899 0.420679069041919
9.09090909090909 0.333947452937753
9.19191919191919 0.245038105512478
9.29292929292929 0.153968079281658
9.39393939393939 0.0607373742452914
9.49494949494949 -0.0346540095966199
9.5959595959596 -0.132206072244077
9.6969696969697 -0.231918813697082
9.7979797979798 -0.333792233955631
9.8989898989899 -0.437826333019728
10 -0.54402111088937


0 0.841470984807897
0.101010101010101 0.841470984807897
0.202020202020202 0.841470984807897
0.303030303030303 0.841470984807897
0.404040404040404 0.841470984807897
0.505050505050505 0.841470984807897
0.606060606060606 0.841470984807897
0.707070707070707 0.841470984807897
0.808080808080808 0.841470984807897
0.909090909090909 0.841470984807897
1.01010101010101 0.825841802125268
1.11111111111111 0.669549975298983
1.21212121212121 0.513258148472698
1.31313131313131 0.356966321646413
1.41414141414141 0.200674494820128
1.51515151515152 0.0443826679938425
1.61616161616162 -0.111909158832443
1.71717171717172 -0.268200985658728
1.81818181818182 -0.424492812485013
1.91919191919192 -0.580784639311298
2.02020202020202 -0.606731748345303
2.12121212121212 -0.640720310539095
2.22222222222222 -0.674708872732887
2.32323232323232 -0.708697434926679
2.42424242424242 -0.742685997120471
2.52525252525253 -0.776674559314262
2.62626262626263 -0.810663121508054
2.72727272727273 -0.844651683701846
2.82828282828283 -0.878640245895638
2.92929292929293 -0.91262880808943
3.03030303030303 -0.934087571427673
3.13131313131313 -0.926310137436301
3.23232323232323 -0.91853270344493
3.33333333333333 -0.910755269453558
3.43434343434343 -0.902977835462187
3.53535353535354 -0.895200401470815
3.63636363636364 -0.887422967479444
3.73737373737374 -0.879645533488073
3.83838383838384 -0.871868099496701
3.93939393939394 -0.86409066550533
4.04040404040404 -0.806308857574725
4.14141414141414 -0.673520488735272
4.24242424242424 -0.540732119895818
4.34343434343434 -0.407943751056364
4.44444444444444 -0.27515538221691
4.54545454545454 -0.142367013377457
4.64646464646465 -0.00957864453800261
4.74747474747475 0.123209724301451
4.84848484848485 0.255998093140905
4.94949494949495 0.38878646198036
5.05050505050505 0.47784005347727
5.15151515151515 0.52315886763164
5.25252525252525 0.568477681786009
5.35353535353535 0.613796495940378
5.45454545454545 0.659115310094746
5.55555555555556 0.704434124249115
5.65656565656566 0.749752938403484
5.75757575757576 0.795071752557854
5.85858585858586 0.840390566712222
5.95959595959596 0.885709380866591
6.06060606060606 0.907784202333112
6.16161616161616 0.9143630286744
6.26262626262626 0.920941855015688
6.36363636363636 0.927520681356976
6.46464646464646 0.934099507698264
6.56565656565657 0.940678334039552
6.66666666666667 0.94725716038084
6.76767676767677 0.953835986722128
6.86868686868687 0.960414813063416
6.96969696969697 0.966993639404704
7.07070707070707 0.878943661533
7.17171717171717 0.750338481855728
7.27272727272727 0.621733302178456
7.37373737373737 0.493128122501183
7.47474747474747 0.364522942823911
7.57575757575758 0.235917763146639
7.67676767676768 0.107312583469367
7.77777777777778 -0.0212925962079061
7.87878787878788 -0.149897775885179
7.97979797979798 -0.27850295556245
8.08080808080808 -0.348347752287194
8.18181818181818 -0.403502453273803
8.28282828282828 -0.458657154260413
8.38383838383838 -0.513811855247024
8.48484848484848 -0.568966556233633
8.58585858585859 -0.624121257220244
8.68686868686869 -0.679275958206854
8.78787878787879 -0.734430659193463
8.88888888888889 -0.789585360180074
8.98989898989899 -0.844740061166684
9.09090909090909 -0.86950717942276
9.19191919191919 -0.890897899597665
9.29292929292929 -0.91228861977257
9.39393939393939 -0.933679339947476
9.49494949494949 -0.955070060122381
9.5959595959596 -0.976460780297286
9.6969696969697 -0.997851500472192
9.7979797979798 -1.0192422206471
9.8989898989899 -1.040632940822
10 -1.06202366099691


0 -1
0.101010101010101 -0.995707218728661
0.202020202020202 -0.982828874914643
0.303030303030303 -0.961364968557948
0.404040404040404 -0.931315499658574
0.505050505050505 -0.892680468216522
0.606060606060606 -0.845459874231791
0.707070707070707 -0.789653717704383
0.808080808080808 -0.725261998634296
0.909090909090909 -0.65228471702153
1.01010101010101 -0.570722138641393
1.11111111111111 -0.480927213101111
1.21212121212121 -0.384300842042014
1.31313131313131 -0.28243767730398
1.41414141414141 -0.176932370726884
1.51515151515152 -0.0693795741506027
1.61616161616162 0.0386260605849871
1.71717171717172 0.145489881640009
1.81818181818182 0.249617237174587
1.91919191919192 0.349413475348844
2.02020202020202 0.443307214931178
2.12121212121212 0.530771221793853
2.22222222222222 0.611697933375035
2.32323232323232 0.685740562997919
2.42424242424242 0.752552323985697
2.52525252525253 0.811786429661563
2.62626262626263 0.863096093348711
2.72727272727273 0.906134528370335
2.82828282828283 0.940554948049627
2.92929292929293 0.966010565709783
3.03030303030303 0.982156512304674
3.13131313131313 0.988796286584028
3.23232323232323 0.985984881009935
3.33333333333333 0.973801649056444
3.43434343434343 0.9523259441976
3.53535353535354 0.921637119907451
3.63636363636364 0.881814529660045
3.73737373737374 0.832937526929428
3.83838383838384 0.775085465189648
3.93939393939394 0.708337697914753
4.04040404040404 0.632787183822863
4.14141414141414 0.549055785495485
4.24242424242424 0.458452430339872
4.34343434343434 0.362331963462029
4.44444444444444 0.262049229967959
4.54545454545454 0.158959074963668
4.64646464646465 0.0544163435551566
4.74747474747475 -0.0502241191515688
4.84848484848485 -0.153607468050505
4.94949494949495 -0.254378858035647
5.05050505050505 -0.351202036822022
5.15151515151515 -0.443168387008378
5.25252525252525 -0.529796926077178
5.35353535353535 -0.610625264331918
5.45454545454545 -0.685191012076093
5.55555555555556 -0.753031779613201
5.65656565656566 -0.813685177246737
5.75757575757576 -0.866688815280196
5.85858585858586 -0.911580304017074
5.95959595959596 -0.947897253760869
6.06060606060606 -0.975191504379009
6.16161616161616 -0.993227812177065
6.26262626262626 -1.0019348369563
6.36363636363636 -1.00124545468508
6.46464646464646 -0.991092541331753
6.56565656565657 -0.97140897286468
6.66666666666667 -0.942127625252218
6.76767676767677 -0.903181374462725
6.86868686868687 -0.854503096464558
6.96969696969697 -0.796025667226074
7.07070707070707 -0.72776081200663
7.17171717171717 -0.650534265801512
7.27272727272727 -0.565651985672755
7.37373737373737 -0.474426135477899
7.47474747474747 -0.37816887907448
7.57575757575758 -0.278192380320038
7.67676767676768 -0.175808803072108
7.77777777777778 -0.0723303111882295
7.87878787878788 0.0309309314740607
7.97979797979798 0.132662761057224
8.08080808080808 0.231616964057582
8.18181818181818 0.327017960055433
8.28282828282828 0.418302004178232
8.38383838383838 0.504906350777714
8.48484848484848 0.586268254205611
8.58585858585859 0.661824968813657
8.68686868686869 0.731013748953584
8.78787878787879 0.793271848977126
8.88888888888889 0.848036523236019
8.98989898989899 0.894745026081992
9.09090909090909 0.932876468041341
9.19191919191919 0.962136350444599
9.29292929292929 0.982306365491487
9.39393939393939 0.993168262797609
9.49494949494949 0.994503791978565
9.5959595959596 0.986094702649957
9.6969696969697 0.967722744427386
9.7979797979798 0.939169666926454
9.8989898989899 0.900217219762761
10 0.850647152551911
