10 2.73661088371351 0.498868067169912 0.404981769876279
510 3.20123095601288 0.0795347270799053 0.0596383024230858
1010 3.14457052455518 0.0566702231749189 0.00297787096538826
1510 3.14468836605255 0.0463390379841235 0.00309571246275464
2010 3.14454450920193 0.0402342930214365 0.00295185561213573
2510 3.13437938900992 0.0356992658467474 0.00721326457987015
3010 3.14179265542223 0.0333118932274387 0.000200001832436847
3510 3.13881328290002 0.0308394534376202 0.00277937068977385
4010 3.18304090633721 0.0287450790881145 0.0414482527474167
4510 3.12697770838646 0.0269118468712825 0.0146149452033284
5010 3.13938989845715 0.025675918451742 0.00220275513264179
5510 3.09792977866342 0.0244109229346454 0.0436628749263743
6010 3.1176949297878 0.0235096855714952 0.0238977238019946
6510 3.16426585449104 0.0223034568133671 0.02267320090125
7010 3.16721203773962 0.0215292131888914 0.0256193841498273
7510 3.17087628999911 0.0209372885666715 0.0292836364093172
8010 3.15809544469641 0.0202399258384916 0.0165027911066153
8510 3.13266139755576 0.0196256024233672 0.00893125603402911
9010 3.10253109515869 0.0191683766091186 0.039061558431102
9510 3.13730426756553 0.0186638360268015 0.00428838602426485
10010 3.09990801499755 0.0181896902126192 0.0416846385922431
10510 3.11186523659971 0.017609646593929 0.0297274169900867
11010 3.1366358260306 0.0171742654955025 0.00495682755919757
11510 3.11679649857596 0.0170004547442531 0.0247961550138309
12010 3.13282287519872 0.0166021718071768 0.00876977839107695
12510 3.12795796500669 0.0161802051356721 0.0136346885831
13010 3.13131744881956 0.015881334001208 0.0102752047702332
13510 3.16407797795959 0.0156085188109345 0.022485324369796
14010 3.18877853042469 0.0153209589395641 0.0471858768348956
14510 3.14474524647106 0.0151533136962598 0.00315259288126724
15010 3.16753204493543 0.0148323424561438 0.0259393913456392
15510 3.14420057309804 0.0146351384683866 0.00260791950824713
16010 3.16239216184107 0.0143294394415709 0.0207995082512737
16510 3.15070465173588 0.0142067600370009 0.00911199814609098
17010 3.14168119951046 0.0139792907708179 8.85459206703132E-05
17510 3.16629371472397 0.0137049046877835 0.0247010611341802
18010 3.11851278997589 0.0135405234067323 0.0230798636139053
18510 3.11666368365313 0.0133281481848075 0.0249289699366679
19010 3.1464371616572 0.0131761885514795 0.0048445080674111
19510 3.14804429662408 0.0129481557798854 0.00645164303428247
20010 3.15930417645852 0.0128197049248296 0.017711522868725
20510 3.13146300390832 0.0126721623636192 0.0101296496814753
21010 3.15925093085831 0.012503241662303 0.017658277268517
21510 3.14735354380367 0.0123508231541129 0.00576089021387372
22010 3.15363022102998 0.0122413802928262 0.0120375674401871
22510 3.14752099342524 0.0120917928218363 0.00592833983544727
23010 3.12050291725808 0.0119846546063839 0.0210897363317097
23510 3.14490654647973 0.0118047271408636 0.00331389288994144
24010 3.14407917298286 0.0116776584350496 0.00248651939306344
24510 3.16494265684012 0.0115053711767179 0.0233500032503282


10 2.59181393921158 0.399248228426888
510 3.12932080728671 0.0202499920739756
1010 3.13312386460638 0.0208949366382804
1510 3.13420922818161 0.0190762560029384
2010 3.13647327890067 0.0147642252081121
2510 3.13672180622746 0.0119387099785307
3010 3.1380996621213 0.00980592049698386
3510 3.13786652247939 0.00853744389195556
4010 3.13866317107767 0.00577180411540988
4510 3.13886039911771 0.00329365617351922
5010 3.13898672335313 0.00192200394991892
5510 3.1391959130085 0.00350180467081314
6010 3.13957754904398 0.00404979460264567
6510 3.13947123591954 0.00442437951790856
7010 3.13971139355649 0.00393265608085606
7510 3.13966384126223 0.00414927658109764
8010 3.14003511729168 0.0035045147092414
8510 3.14024280457333 0.00265879353827915
9010 3.14005160729661 0.00190809945262393
9510 3.14003471947415 0.00138785794720439
10010 3.14018808806418 0.00166915925212633
10510 3.14031314430559 0.00221404652038941
11010 3.14051740411382 0.00231227034615107
11510 3.14038992469142 0.00242266143419514
12010 3.14043194997531 0.00260705188921978
12510 3.14056540146745 0.00241207005602281
13010 3.14043874867199 0.00222244544043804
13510 3.14049542018167 0.00162303372840349
14010 3.14054235303963 0.00127962303696958
14510 3.14060656084003 0.000706717424581692
15010 3.14064462075976 0.00122474743517615
15510 3.14067033651452 0.00150161550809257
16010 3.14079064320972 0.00145413789046754
16510 3.14102921064655 0.00146008738753591
17010 3.14080395209211 0.00171702885733471
17510 3.14077623151912 0.00158183082443485
18010 3.14074562108339 0.00127112892214452
18510 3.14085207899143 0.000998869639005159
19010 3.14086594935621 0.000650340016616801
19510 3.14084105411021 0.000506750010286935
20010 3.14083549493178 0.000811543383926598
20510 3.14103880126266 0.0010346366012789
21010 3.14093052658979 0.00138834036689108
21510 3.14101869446027 0.00137725110963693
22010 3.14098381793928 0.00133232899101842
22510 3.14103608297274 0.00105384190249407
23010 3.14097821128528 0.00102167656924517
23510 3.1409644294077 0.000805661634510818
24010 3.1409739661073 0.000435299679891575
24510 3.14114959224778 0.000288542537662343


10 0.664549657863275 0.549778714378214
510 0.214279564219714 0.0122718463030851
1010 0.153902433813579 0.00846878898341608
1510 0.0279507661218337 0.0073834254081806
2010 0.0672280472607323 0.00511937468912294
2510 0.0657236390502165 0.00487084736233001
3010 0.00398046353286308 0.00349299146849447
3510 0.000666554477056547 0.00372613111040243
4010 0.0506187621872156 0.00292948251212666
4510 0.0364086456170183 0.00273225447208114
5010 0.0228787479411277 0.00260593023666589
5510 0.00849944565209526 0.00239674058128969
6010 0.00966964123344338 0.00201510454581655
6510 0.000227087079159638 0.00212141767025109
7010 0.00818759289818072 0.00188126003330291
7510 0.0114759605658108 0.00192881232756381
8010 0.0226515940193552 0.00155753629811173
8510 0.00612454735144752 0.00134984901646096
9010 0.0148036443791253 0.00154104629317953
9510 0.0174455313909969 0.00155793411564575
10010 0.0065043845813979 0.00140456552561075
10510 0.00220987636506242 0.00127950928420573
11010 0.00365175182642519 0.00107524947597737
11510 0.00391264239021671 0.00120272889837292
12010 0.0103517247206093 0.00116070361448051
12510 0.014951148047516 0.00102725212234311
13010 0.00568737496599159 0.00115390491780509
13510 0.00413359741693142 0.00109723340812229
14010 0.00742341836890015 0.00105030055016364
14510 0.00154988367682973 0.000986092749759138
15010 0.0149003513028361 0.000948032830034862
15510 0.00458564721502297 0.000922317075269241
16010 0.018217496151796 0.000802010380074769
16510 0.00339516216808988 0.00056344294324262
17010 0.00380866066835095 0.000788701497686617
17510 0.00830007394705623 0.000816422070674339
18010 0.0112487195440183 0.000847032506403167
18510 0.0237806921154329 0.000740574598365296
19010 0.00928804000081573 0.000726704233587672
19510 0.00940988789490271 0.000751599479579479
20010 0.00782567109407939 0.000757158658008628
20510 0.00515175185508765 0.000553852327132454
21010 0.00614080923325444 0.000662127000006674
21510 0.00732789492868635 0.00057395912952618
22010 0.00199341551038179 0.000608835650512063
22510 0.0221980631015151 0.000556570617052721
23010 0.0150118855094434 0.000614442304508689
23510 0.014816363921422 0.000628224182090964
24010 0.00714607200783179 0.000618687482494273
24510 0.0117489763791374 0.000443061342008999
