91 0.00806784803182825
91.125 0.00812578012452127
91.25 0.00818433825769954
91.375 0.00824353148157783
91.5 0.00830336901045405
91.625 0.00836386022629097
91.75 0.00842501468238949
91.875 0.00848684210715606
92 0.00854935240796714
92.125 0.00861255567513345
92.25 0.00867646218596697
92.375 0.00874108240895392
92.5 0.00880642700803658
92.625 0.00887250684700751
92.75 0.00893933299401939
92.875 0.0090069167262139
93 0.00907526953447354
93.125 0.0091444031282997
93.25 0.00921432944082131
93.375 0.0092850606339376
93.5 0.00935660910359951
93.625 0.00942898748523372
93.75 0.00950220865931391
93.875 0.00957628575708377
94 0.00965123216643645
94.125 0.00972706153795544
94.25 0.00980378779112197
94.375 0.00988142512069402
94.5 0.00995998800326268
94.625 0.0100394912039912
94.75 0.0101199497835429
94.875 0.0102013791052035
95 0.0102837948422049
95.125 0.0103672129852562
95.25 0.010451649850289
95.375 0.0105371220864239
95.5 0.0106236466841661
95.625 0.0107112409838362
95.75 0.0107999226842453
95.875 0.0108897098516218
96 0.010980620928799
96.125 0.0110726747446712
96.25 0.011165890523928
96.375 0.0112602878970761
96.5 0.0113558869107583
96.625 0.01145270803838
96.75 0.0115507721910527
96.875 0.0116501007288671
97 0.0117507154725061
97.125 0.0118526387152087
97.25 0.011955893235099
97.375 0.0120605023078915
97.5 0.0121664897199859
97.625 0.0122738797819664
97.75 0.012382697342518
97.875 0.0124929678027765
98 0.012604717131126
98.125 0.0127179718784609
98.25 0.012832759193929
98.375 0.0129491068411732
98.5 0.0130670432150889
98.625 0.0131865973591178
98.75 0.0133077989830956
98.875 0.0134306784816761
99 0.0135552669533515
99.125 0.0136815962200914
99.25 0.0138096988476239
99.375 0.0139396081663833
99.5 0.0140713582931482
99.625 0.0142049841533973
99.75 0.0143405215044098
99.875 0.0144780069591392
100 0.0146174780108889
100.125 0.0147589730588231
100.25 0.0149025314343424
100.375 0.0150481934283601
100.5 0.0151960003195131
100.625 0.0153459944033455
100.75 0.0154982190225014
100.875 0.015652718597969
101 0.015809538661417
101.125 0.0159687258886669
101.25 0.016130328134348
101.375 0.016294394467782
101.5 0.0164609752101478
101.625 0.0166301219729794
101.75 0.0168018876980501
101.875 0.016976326698703
102 0.0171534947026852
102.125 0.0173334488965507
102.25 0.0175162479716964
102.375 0.0177019521721013
102.5 0.0178906233438407
102.625 0.0180823249864509
102.75 0.0182771223062244
102.875 0.0184750822715191
103 0.0186762736701676
103.125 0.0188807671690796
103.25 0.019088635376133
103.375 0.0192999529044543
103.5 0.0195147964391951
103.625 0.019733244806915
103.75 0.0199553790476885
103.875 0.0201812824900582
104 0.0204110408289638
104.125 0.0206447422067822
104.25 0.0208824772976214
104.375 0.0211243393950188
104.5 0.0213704245032006
104.625 0.0216208314320698
104.75 0.0218756618960967
104.875 0.022135020617297
105 0.0223990154324905
105.125 0.0226677574050456
105.25 0.0229413609413249
105.375 0.0232199439120593
105.5 0.0235036277788894
105.625 0.0237925377263277
105.75 0.024086802799409
105.875 0.0243865560473088
106 0.0246919346732284
106.125 0.0250030801908611
106.25 0.0253201385877701
106.375 0.0256432604960304
106.5 0.0259726013705048
106.625 0.0263083216751469
106.75 0.0266505870777461
106.875 0.0269995686535549
107 0.0273554430982628
107.125 0.027718392950811
107.25 0.0280886068265696
107.375 0.0284662796614324
107.5 0.0288516129674147
107.625 0.029244815100379
107.75 0.0296461015405499
107.875 0.0300556951865186
108 0.0304738266634849
108.125 0.0309007346465277
108.25 0.0313366661997472
108.375 0.0317818771321732
108.5 0.0322366323713947
108.625 0.032701206355922
108.75 0.0331758834473645
108.875 0.0336609583635716
109 0.0341567366339646
109.125 0.0346635350783659
109.25 0.0351816823107198
109.375 0.0357115192691926
109.5 0.0362533997742412
109.625 0.036807691116346
109.75 0.0373747746752217
109.875 0.0379550465724456
110 0.038548918359576
110.125 0.0391568177439814
110.25 0.0397791893547567
110.375 0.0404164955512734
110.5 0.0410692172770928
110.625 0.0417378549621697
110.75 0.0424229294764878
110.875 0.043124983138501
111 0.0438445807820006
111.125 0.0445823108853057
111.25 0.0453387867669642
111.375 0.0461146478524701
111.5 0.0469105610168524
111.625 0.047727222008362
111.75 0.0485653569588946
111.875 0.0494257239872287
112 0.0503091149016435
112.125 0.0512163570090037
112.25 0.0521483150379739
112.375 0.0531058931846479
112.5 0.0540900372895622
112.625 0.055101737155803
112.75 0.0561420290187343
112.875 0.0572119981787606
113 0.0583127818095132
113.125 0.0594455719549145
113.25 0.0606116187297458
113.375 0.0618122337396253
113.5 0.0630487937377136
113.625 0.0643227445370118
113.75 0.0656356051988215
113.875 0.066988972519813
114 0.0683845258422136
114.125 0.0698240322139104
114.25 0.0713093519277793
114.375 0.0728424444723372
114.5 0.0744253749288892
114.625 0.0760603208537577
114.75 0.0777495796879565
114.875 0.0794955767408689
115 0.081300873799147
115.125 0.0831681784172335
115.25 0.0851003539516721
115.375 0.0871004304078035
115.5 0.0891716161746177
115.625 0.0913173107315451
115.75 0.0935411184199309
115.875 0.0958468633819753
116 0.0982386057811694
116.125 0.100720659430893
116.25 0.103297610972029
116.375 0.105974340756446
116.5 0.108756045611181
116.625 0.111648263678514
116.75 0.11465690155007
116.875 0.117788263939097
117 0.121049086164529
117.125 0.1244465697539
117.25 0.1279884215102
117.375 0.131682896431075
117.5 0.13553884491815
117.625 0.139565764770689
117.75 0.143773858522354
117.875 0.148174096753831
118 0.152778288099071
118.125 0.157599156760626
118.25 0.162650428462214
118.375 0.167946925896693
118.5 0.173504674878079
118.625 0.1793410225806
118.75 0.185474769450319
118.875 0.191926316610497
119 0.19871783085674
119.125 0.205873429659168
119.25 0.213419388965035
119.375 0.221384377036873
119.5 0.229799718080764
119.625 0.23869969003209
119.75 0.248121861590336
119.875 0.258107474452738
120 0.268701877715909
120.125 0.279955022628447
120.25 0.291922027326603
120.375 0.304663822919472
120.5 0.318247894371284
120.625 0.332749132132165
120.75 0.34825081348887
120.875 0.364845736259355
121 0.382637531883597
121.125 0.401742190346229
121.25 0.422289835926394
121.375 0.444426800782883
121.5 0.468318053191675
121.625 0.4941500492856
121.75 0.522134091931801
121.875 0.552510298577401
122 0.585552302302821
122.125 0.621572837927908
122.25 0.660930398999864
122.375 0.704037193246526
122.5 0.751368675192216
122.625 0.80347499681955
122.75 0.860994792079743
122.875 0.924671799935426
123 0.995374933521598
123.125 1.07412251743021
123.25 1.16211153347013
123.375 1.26075282031976
123.5 1.3717132294702
123.625 1.49696568245269
123.75 1.63884778084254
123.875 1.80012887330266
124 1.98408390222412
124.125 2.19456928456429
124.25 2.43609044023944
124.375 2.71384061848939
124.5 3.03367373154623
124.625 3.40194634060134
124.75 3.8251217639597
124.875 4.3089709218441
125 4.8571385809002
125.125 5.46880598919156
125.25 6.13526357613604
125.375 6.83558448047215
125.5 7.53247262802229
125.625 8.17073784928557
125.75 8.68194379362533
125.875 8.99771189341287
126 9.06936287974588
126.125 8.885140103194
126.25 8.47473587568509
126.375 7.89812899139095
126.5 7.22590722322675
126.625 6.52172079438064
126.75 5.83291804129449
126.875 5.1890914196299
127 4.6051683673814
127.125 4.08585418683114
127.25 3.62962471869108
127.375 3.23166029655468
127.5 2.88574864664153
127.625 2.58540387218224
127.75 2.32446144891487
127.875 2.09735165702784
128 1.89918903754299
128.125 1.72576411629265
128.25 1.57348840749646
128.375 1.43932137449405
128.5 1.32069458341587
128.625 1.21544051465794
128.75 1.12172917162477
128.875 1.03801332343806
129 0.962982069232055
129.125 0.895521901699274
129.25 0.834684279091135
129.375 0.779658719400742
129.5 0.729750514733124
129.625 0.684362277855576
129.75 0.642978650936148
129.875 0.605153616330393
130 0.570499946053092
130.125 0.538680409139916
130.25 0.509400425167327
130.375 0.482401909243677
130.5 0.457458100526482
130.625 0.434369204432015
130.75 0.412958709689468
130.875 0.393070266551482
131 0.374565032896231
131.125 0.357319411544103
131.25 0.3412231155998
131.375 0.326177509614909
131.5 0.312094183328287
131.625 0.298893722069656
131.75 0.286504643917397
131.875 0.274862478635256
132 0.263908967476015
132.125 0.253591366295247
132.25 0.243861837195709
132.375 0.234676916228248
132.5 0.225997046593438
132.625 0.217786168388751
132.75 0.210011357284866
132.875 0.202642505637494
133 0.195652040485001
133.125 0.189014673677648
133.25 0.18270718005637
133.375 0.176708200168228
133.5 0.170998064488822
133.625 0.165558636533054
133.75 0.16037317258618
133.875 0.155426196086712
134 0.150703384949286
134.125 0.146191470335897
134.25 0.141878145573301
134.375 0.137751984077625
134.5 0.13380236528822
134.625 0.130019407734735
134.75 0.126393908467134
134.875 0.122917288170189
135 0.119581541363868
135.125 0.116379191160675
135.25 0.113303248111762
135.375 0.110347172726831
135.5 0.107504841299384
135.625 0.104770514709777
135.75 0.102138809914409
135.875 0.0996046738610189
136 0.0971633595979209
136.125 0.0948104043695877
136.25 0.0925416095127759
136.375 0.0903530219866162
136.5 0.0882409173871776
136.625 0.0862017843121701
136.75 0.0842323099549242
136.875 0.0823293668187831
137 0.0804900004537343
137.125 0.0787114181266464
137.25 0.0769909783450077
137.375 0.0753261811616834
137.5 0.0737146591950442
137.625 0.0721541693049422
137.75 0.0706425848705083
137.875 0.0691778886206882
138 0.0677581659728781
138.125 0.0663815988390276
138.25 0.065046459862185
138.375 0.0637511070497204
138.5 0.0624939787724033
138.625 0.0612735891011747
138.75 0.0600885234558631
138.875 0.0589374345422763
139 0.0578190385560795
139.125 0.0567321116336715
139.25 0.0556754865318985
139.375 0.0546480495199329
139.5 0.0536487374679966
139.625 0.0526765351188359
139.75 0.0517304725289814
139.875 0.050809622667848
140 0.0499130991636663
140.125 0.0490400541860897
140.25 0.0481896764561076
140.375 0.0473611893746041
140.5 0.0465538492615641
140.625 0.0457669436985232
140.75 0.0449997899674148
140.875 0.0442517335794693
141 0.0435221468882879
141.125 0.0428104277816399
141.25 0.042115998446927
141.375 0.0414383042056174
141.5 0.0407768124122888
141.625 0.0401310114142261
141.75 0.0395004095678013
141.875 0.0388845343081286
142 0.0382829312687246
142.125 0.0376951634481324
142.25 0.0371208104206695
142.375 0.0365594675886551
142.5 0.0360107454736463
142.625 0.0354742690443789
142.75 0.0349496770792577
142.875 0.0344366215613857
143 0.0339347671042492
143.125 0.0334437904062979
143.25 0.0329633797327745
143.375 0.0324932344232487
143.5 0.0320330644234117
143.625 0.0315825898397756
143.75 0.0311415405160084
143.875 0.0307096556297124
144 0.0302866833085271
144.125 0.0298723802645079
144.25 0.0294665114457927
144.375 0.0290688497046302
144.5 0.0286791754808987
144.625 0.0282972765002942
144.75 0.027922947486419
144.875 0.0275559898860423
145 0.0271962116068507
145.125 0.0268434267670442
145.25 0.0264974554561704
145.375 0.0261581235066253
145.5 0.0258252622752807
145.625 0.0254987084347284
145.75 0.0251783037736622
145.875 0.0248638950059421
146 0.0245553335879131
146.125 0.0242524755435744
146.25 0.0239551812972139
146.375 0.0236633155131485
146.5 0.0233767469422268
146.625 0.0230953482747701
146.75 0.0228189959996458
146.875 0.0225475702691821
147 0.0222809547696505
147.125 0.0220190365970541
147.25 0.0217617061379753
147.375 0.0215088569552503
147.5 0.0212603856782461
147.625 0.0210161918975317
147.75 0.0207761780637423
147.875 0.0205402493904477
148 0.0203083137608445
148.125 0.0200802816381017
148.25 0.0198560659791962
148.375 0.0196355821520848
148.5 0.0194187478560665
148.625 0.0192054830451932
148.75 0.0189957098545993
148.875 0.0187893525296217
149 0.0185863373575905
149.125 0.0183865926021776
149.25 0.0181900484401911
149.375 0.0179966369007162
149.5 0.0178062918064994
149.625 0.0176189487174849
149.75 0.0174345448764129
149.875 0.0172530191563928
150 0.017074312010372
150.125 0.0168983654224205
150.25 0.0167251228607586
150.375 0.0165545292324558
150.5 0.016386530839734
150.625 0.0162210753378102
150.75 0.0160581116942167
150.875 0.0158975901495408
151 0.0157394621795269
151.125 0.0155836804584874
151.25 0.0154301988239718
151.375 0.0152789722426435
151.5 0.0151299567773187
151.625 0.0149831095551211
151.75 0.0148383887367112
151.875 0.014695753486547
152 0.014555163944138
152.125 0.0144165811962551
152.25 0.0142799672500586
152.375 0.0141452850071122
152.5 0.0140124982382475
152.625 0.0138815715592485
152.75 0.0137524704073265
152.875 0.0136251610183537
153 0.0134996104048303
153.125 0.013375786334557
153.25 0.0132536573099868
153.375 0.0131331925482326
153.5 0.0130143619617065
153.625 0.012897136139367
153.75 0.0127814863285546
153.875 0.0126673844173927
154 0.012554802917735
154.125 0.0124437149486398
154.25 0.0123340942203524
154.375 0.0122259150187783
154.5 0.0121191521904298
154.625 0.0120137811278297
154.75 0.011909777755356
154.875 0.0118071185155132
155 0.0117057803556147
155.125 0.0116057407148626
155.25 0.0115069775118122
155.375 0.0114094691322064
155.5 0.0113131944171695
155.625 0.0112181326517472
155.75 0.0111242635537814
155.875 0.011031567263109
156 0.0109400243310733
156.125 0.0108496157103393
156.25 0.010760322745
156.375 0.0106721271609679
156.5 0.0105850110566387
156.625 0.0104989568938215
156.75 0.0104139474889248
156.875 0.0103299660043908
157 0.0102469959403707
157.125 0.0101650211266314
157.25 0.010084025714689
157.375 0.0100039941701592
157.5 0.00992491126531934
157.625 0.00984676207187537
157.75 0.00976953195392655
157.875 0.00969320656112236
158 0.00961777182200552
158.125 0.0095432139375352
158.25 0.00946951937478503
158.375 0.00939667486081047
158.5 0.00932466737668039
158.625 0.00925348415166778
158.75 0.00918311265759492
158.875 0.00911354060332814
159 0.00904475592941782
159.125 0.00897674680287919
159.25 0.00890950161210976
159.375 0.00884300896193927
159.5 0.00877725766880825
159.625 0.00871223675607138
159.75 0.00864793544942205
159.875 0.00858434317243432
160 0.00852144954221921
160.125 0.00845924436519166
160.25 0.00839771763294513
160.375 0.00833685951823069
160.5 0.00827666037103749
160.625 0.00821711071477191
160.75 0.00815820124253233
160.875 0.00809992281347691
161 0.0080422664492818
161.125 0.00798522333068707
161.25 0.00792878479412796
161.375 0.00787294232844909
161.5 0.00781768757169925
161.625 0.0077630123080045
161.75 0.00770890846451751
161.875 0.00765536810844083
162 0.00760238344412232
162.125 0.00754994681022044
162.25 0.00749805067693779
162.375 0.00744668764332075
162.5 0.00739585043462369
162.625 0.00734553189973572
162.75 0.00729572500866851
162.875 0.00724642285010346
163 0.00719761862899654
163.125 0.0071493056642394
163.25 0.00710147738637508
163.375 0.00705412733536708
163.5 0.00700724915842014
163.625 0.00696083660785153
163.75 0.00691488353901146
163.875 0.0068693839082513
164 0.00682433177093839
164.125 0.0067797212795162
164.25 0.00673554668160873
164.375 0.00669180231816785
164.5 0.00664848262166261
164.625 0.00660558211430947
164.75 0.00656309540634214
164.875 0.00652101719432038
165 0.00647934225947651
165.125 0.00643806546609868
165.25 0.00639718175995015
165.375 0.00635668616672348
165.5 0.00631657379052879
165.625 0.00627683981241536
165.75 0.00623747948892558
165.875 0.00619848815068046
166 0.00615986120099606
166.125 0.00612159411452987
166.25 0.00608368243595656
166.375 0.00604612177867228
166.5 0.00600890782352688
166.625 0.00597203631758327
166.75 0.00593550307290335
166.875 0.00589930396535983
167 0.00586343493347329
167.125 0.00582789197727393
167.25 0.00579267115718726
167.375 0.00575776859294341
167.5 0.00572318046250925
167.625 0.0056889030010429
167.75 0.00565493249987006
167.875 0.00562126530548166
168 0.0055878978185523
168.125 0.00555482649297903
168.25 0.0055220478349399
168.375 0.00548955840197196
168.5 0.0054573548020681
168.625 0.0054254336927924
168.75 0.00539379178041351
168.875 0.00536242581905563
169 0.00533133260986676
169.125 0.00530050900020368
169.25 0.00526995188283347
169.375 0.00523965819515095
169.5 0.00520962491841188
169.625 0.00517984907698153
169.75 0.0051503277375981
169.875 0.00512105800865088
170 0.00509203703947266
