-3.5 -0.999999
-3 -0.999978
-2.5 -0.999593
-2.4 -0.999311
-2.3 -0.998857
-2.2 -0.998137
-2.1 -0.997021
-2 -0.995322
-1.9 -0.99279
-1.8 -0.989091
-1.7 -0.98379
-1.6 -0.976348
-1.5 -0.966105
-1.4 -0.952285
-1.3 -0.934008
-1.2 -0.910314
-1.1 -0.880205
-1 -0.842701
-0.9 -0.796908
-0.8 -0.742101
-0.7 -0.677801
-0.6 -0.603856
-0.5 -0.5205
-0.4 -0.428392
-0.3 -0.328627
-0.2 -0.222703
-0.1 -0.112463
-0.08 -0.0900781
-0.06 -0.0676216
-0.04 -0.0451111
-0.02 -0.0225646
0 0
0.02 0.022564575
0.04 0.045111106
0.06 0.067621594
0.08 0.090078126
0.1 0.112462916
0.2 0.222702589
0.3 0.328626759
0.4 0.428392355
0.5 0.520499878
0.6 0.603856091
0.7 0.677801194
0.8 0.742100965
0.9 0.796908212
1 0.842700793
1.1 0.880205070
1.2 0.910313978
1.3 0.934007945
1.4 0.952285120
1.5 0.966105146
1.6 0.976348383
1.7 0.983790459
1.8 0.989090502
1.9 0.992790429
2 0.995322265
2.1 0.997020533
2.2 0.998137154
2.3 0.998856823
2.4 0.999311486
2.5 0.999593048
3 0.999977910
3.5 0.999999257
