

-1 0.35895527810267
-0.984375 0.357790690823729
-0.96875 0.354442643294939
-0.953125 0.34875896806422
-0.9375 0.340597723316155
-0.921875 0.329829740720715
-0.90625 0.31634121993034
-0.890625 0.300036333461742
-0.875 0.280839802347671
-0.859375 0.25869940007266
-0.84375 0.233588340020761
-0.828125 0.205507500062929
-0.8125 0.174487437090486
-0.796875 0.140590144341805
-0.78125 0.103910505341527
-0.765625 0.0645774002281312
-0.75 0.022754423220505
-0.734375 -0.0213598260207704
-0.71875 -0.0675319093578384
-0.703125 -0.115494201680576
-0.6875 -0.164946046243181
-0.671875 -0.215555425371274
-0.65625 -0.266961149614706
-0.640625 -0.318775559387833
-0.625 -0.370587723701093
-0.609375 -0.421967110931365
-0.59375 -0.47246769690704
-0.578125 -0.521632466113266
-0.5625 -0.568998252777793
-0.546875 -0.614100860205378
-0.53125 -0.656480389212424
-0.515625 -0.695686700087836
-0.5 -0.731284927369208
-0.484375 -0.762860963051438
-0.46875 -0.790026821785398
-0.453125 -0.81242580129072
-0.4375 -0.829737352673388
-0.421875 -0.841681578636279
-0.40625 -0.848023282683142
-0.390625 -0.848575499278872
-0.375 -0.843202443427117
-0.359375 -0.831821828097473
-0.34375 -0.814406509169382
-0.328125 -0.790985429807091
-0.3125 -0.761643849151078
-0.296875 -0.726522853588144
-0.28125 -0.685818162305341
-0.265625 -0.639778251990823
-0.25 -0.588701838064955
-0.234375 -0.532934761365505
-0.21875 -0.472866339450381
-0.203125 -0.408925250332915
-0.1875 -0.341575023284259
-0.171875 -0.271309216135786
-0.15625 -0.198646361164615
-0.140625 -0.124124762090241
-0.125 -0.0482972229664286
-0.109375 0.0282742140870504
-0.09375 0.105023451135683
-0.078125 0.181385372943096
-0.0625 0.256800686864098
-0.046875 0.330720519101749
-0.03125 0.402610732801645
-0.015625 0.4719559441414
0 0.538263223014287
0.015625 0.601065474671413
0.03125 0.659924507371085
0.046875 0.714433798326098
0.0625 0.764220975740382
0.078125 0.808950038263834
0.09375 0.848323334636134
0.109375 0.88208332560367
0.125 0.910014147448828
0.140625 0.931942991842577
0.15625 0.947741310493323
0.171875 0.957325845581393
0.1875 0.960659478678762
0.203125 0.957751882254286
0.21875 0.948659949487421
0.234375 0.933487970500194
0.25 0.912387516794006
0.265625 0.88555699112836
0.28125 0.85324079771853
0.296875 0.815728087783002
0.3125 0.773351038353331
0.328125 0.726482627957329
0.34375 0.675533881255032
0.359375 0.620950565762251
0.375 0.563209337121111
0.390625 0.502813344530306
0.40625 0.440287324382507
0.421875 0.3761722272411
0.4375 0.311019440334707
0.453125 0.245384684040607
0.46875 0.179821675657737
0.484375 0.114875666465589
0.5 0.051076968025735
0.515625 -0.0110654095945495
0.53125 -0.0710698818921254
0.546875 -0.128488051258272
0.5625 -0.182909985229191
0.578125 -0.233968899877372
0.59375 -0.281345148763484
0.609375 -0.324769433329318
0.625 -0.364025168828053
0.640625 -0.398949960243451
0.65625 -0.429436164447861
0.671875 -0.455430537341853
0.6875 -0.476932987138655
0.703125 -0.493994476549679
0.71875 -0.506714136682834
0.734375 -0.515235673344434
0.75 -0.519743161596331
0.765625 -0.520456336435781
0.78125 -0.517625496038898
0.796875 -0.511526138978187
0.8125 -0.502453458166483
0.828125 -0.490716812102118
0.84375 -0.476634288523592
0.859375 -0.460527467163373
0.875 -0.442716477344384
0.890625 -0.423515433180098
0.90625 -0.403228314653615
0.921875 -0.382145347415771
0.9375 -0.36053991830699
0.953125 -0.338666047897551
0.96875 -0.316756426238593
0.984375 -0.295021003945792
1 -0.273646118053525


-1 0.35322690848236
-0.97979797979798 0.354978662414129
-0.95959595959596 0.352231121729726
-0.939393939393939 0.344681547476605
-0.919191919191919 0.332080325774286
-0.898989898989899 0.314238777197229
-0.878787878787879 0.291036367733596
-0.858585858585859 0.262427143911851
-0.838383838383838 0.228445220004828
-0.818181818181818 0.1892091546214
-0.797979797979798 0.144925067493977
-0.777777777777778 0.0958883647818509
-0.757575757575758 0.0424839625495819
-0.737373737373737 -0.0148150770427492
-0.717171717171717 -0.0754505542743096
-0.696969696969697 -0.138783811870795
-0.676767676767677 -0.204102080453067
-0.656565656565657 -0.270626449179677
-0.636363636363636 -0.337521386398483
-0.616161616161616 -0.403905700230282
-0.595959595959596 -0.468864794959067
-0.575757575757576 -0.531464046711275
-0.555555555555556 -0.590763091976412
-0.535353535353535 -0.64583079583278
-0.515151515151515 -0.695760644026199
-0.494949494949495 -0.739686284970436
-0.474747474747475 -0.776796934872288
-0.454545454545455 -0.806352352004202
-0.434343434343434 -0.827697085005531
-0.414141414141414 -0.840273705209702
-0.393939393939394 -0.843634744446489
-0.373737373737374 -0.837453077485235
-0.353535353535353 -0.821530512044482
-0.333333333333333 -0.795804378724626
-0.313131313131313 -0.760351947807247
-0.292929292929293 -0.715392538957015
-0.272727272727273 -0.661287232686934
-0.252525252525252 -0.598536138126955
-0.232323232323232 -0.52777321920564
-0.212121212121212 -0.449758729786793
-0.191919191919192 -0.365369356530654
-0.171717171717172 -0.27558621519174
-0.151515151515151 -0.181480890654858
-0.131313131313131 -0.0841997522192636
-0.111111111111111 0.0150531874941937
-0.0909090909090909 0.115034569988845
-0.0707070707070707 0.214480818992602
-0.0505050505050505 0.312127754441901
-0.0303030303030303 0.406730335583859
-0.0101010101010101 0.497082171830163
0.0101010101010102 0.582034442931606
0.0303030303030303 0.660513880481712
0.0505050505050506 0.731539480493716
0.0707070707070707 0.794237641448025
0.0909090909090908 0.847855453236401
0.111111111111111 0.891771899144115
0.131313131313131 0.925506774590844
0.151515151515152 0.948727171861572
0.171717171717172 0.96125142847893
0.191919191919192 0.96305048711412
0.212121212121212 0.954246665884451
0.232323232323232 0.935109888413499
0.252525252525253 0.906051472025882
0.272727272727273 0.867615618850131
0.292929292929293 0.820468797419598
0.313131313131313 0.765387240697305
0.333333333333333 0.703242819526761
0.353535353535354 0.634987577681099
0.373737373737374 0.561637235448433
0.393939393939394 0.484253982710246
0.414141414141414 0.403928889562581
0.434343434343434 0.321764262681246
0.454545454545455 0.23885626898792
0.474747474747475 0.156278135033606
0.494949494949495 0.0750642113226668
0.515151515151515 -0.00380483387283195
0.535353535353535 -0.0794154561277201
0.555555555555556 -0.150933110313426
0.575757575757576 -0.217612394945005
0.595959595959596 -0.278805339415342
0.616161616161616 -0.333967748382634
0.636363636363636 -0.382663558276821
0.656565656565657 -0.424567201108559
0.676767676767677 -0.459464009637261
0.696969696969697 -0.487248734680262
0.717171717171717 -0.507922279199759
0.737373737373737 -0.521586784157059
0.757575757575758 -0.528439227449393
0.777777777777778 -0.528763719131381
0.797979797979798 -0.522922693278366
0.818181818181818 -0.511347209101395
0.838383838383838 -0.494526581222665
0.858585858585859 -0.472997561431854
0.878787878787879 -0.447333291943405
0.898989898989899 -0.418132243438653
0.919191919191919 -0.386007340369984
0.939393939393939 -0.351575461568192
0.95959595959596 -0.315447486631708
0.97979797979798 -0.278219038436551
1 -0.240462049968584
